Pagerank top-k nodes:
1963
0
10336
212843
124802
12129
191267
32830
83606
1973
142732
24823
143218
3451
31331
149039
140170
12838
81878
226950
73859
292009
63364
24944
88448
88118
10335
10331
143082
32833
Hits Authority top-k nodes:
12129
199031
235904
151241
193592
155590
198328
199030
199028
199029
151238
151239
155587
155588
151240
155589
236095
235963
236029
193651
193717
198387
198453
193783
198519
260583
260584
260585
260586
260587
In-Degree top-k nodes:
12129
0
124802
31331
140170
199031
235904
151241
193592
155590
198328
191267
12838
81878
1973
142732
143218
46468
24823
3451
212843
212812
73875
73874
307409
307408
73859
292009
199030
151238
